352
48 49 11
48 26 5
103 49 11
133 134 1
144 145 1
170 56 12
171 175 11
176 179 13
176 187 10
244 174 4
244 50 1
255 257 9
288 290 19
296 66 9
296 297 20
343 265 10
343 348 10
349 350 21
356 33 13
367 47 10
375 235 19
377 297 1
389 348 10
401 53 9
401 57 1
401 58 13
418 53 9
422 424 2
444 157 9
444 136 9
450 50 21
509 408 10
534 53 9
534 536 9
539 44 9
544 545 9
553 49 11
553 228 1
564 91 4
570 571 16
577 578 4
580 26 5
580 51 1
586 588 16
611 53 14
647 652 10
659 50 1
661 174 4
661 175 11
665 50 1
666 51 16
679 175 11
680 200 1
694 53 9
694 56 12
694 57 1
717 27 4
735 736 5
741 51 21
758 44 9
758 650 10
763 26 5
791 265 10
798 797 10
799 551 21
806 807 16
806 66 14
806 809 1
806 26 5
833 212 3
843 55 2
843 57 1
844 26 5
845 55 2
845 57 1
845 58 13
846 470 20
873 875 1
873 876 1
873 877 1
890 72 9
899 109 11
899 226 10
912 66 14
920 200 1
923 66 14
923 157 9
936 371 5
938 55 2
939 49 11
950 109 11
951 808 16
971 380 3
976 590 4
984 78 10
984 606 10
984 716 1
1001 650 10
1008 71 13
1010 297 20
1027 66 9
1029 53 9
1029 55 2
1029 56 12
1038 50 16
1038 829 1
1039 193 5
1042 27 4
1063 297 1
1063 26 5
1081 27 4
1084 297 1
1092 235 19
1092 69 4
1094 26 5
1100 946 11
1101 257 9
1104 1107 1
1144 50 1
1161 66 9
1186 26 5
1192 66 9
1192 67 20
1195 393 10
1206 1135 9
1210 877 1
1210 15 1
1215 1093 4
1222 47 10
1249 421 10
1257 26 5
1259 91 4
1262 49 11
1269 66 9
1275 235 19
1281 1284 1
1295 1112 10
1295 1296 4
1346 38 14
1346 79 14
1346 397 14
1348 988 14
1348 1349 14
1348 327 14
1348 165 14
1348 60 19
1353 178 2
1360 1112 10
1369 551 21
1371 232 1
1383 235 19
1385 470 20
1385 232 2
1385 1377 1
1385 1055 11
1396 66 14
1396 91 4
1418 78 11
1431 490 1
1440 27 4
1441 1442 1
1450 576 4
1450 1173 9
1457 68 10
1459 1460 1
1462 408 10
1482 290 19
1484 1485 2
1492 536 1
1498 1127 16
1508 66 14
1508 1349 14
1508 270 14
1512 1514 10
1550 208 9
1551 191 10
1556 49 11
1556 1557 1
1592 1102 10
1598 1600 16
1638 305 1
1641 66 14
1655 400 10
1657 33 3
1662 91 4
1666 49 11
1667 178 2
1683 1684 10
1707 49 11
1720 573 19
1742 346 14
1744 150 1
1764 232 16
1765 1591 21
1775 235 19
1786 174 4
1787 1788 2
1794 1047 8
1795 50 1
1806 26 5
1807 33 13
1807 208 14
1809 290 19
1811 66 9
1824 1826 19
1836 86 14
1842 545 14
1843 752 10
1850 752 10
1852 733 19
1862 425 2
1864 312 14
1864 205 14
1868 439 19
1877 212 3
1885 66 9
1888 500 9
1889 49 11
1890 187 10
1894 66 14
1895 53 9
1896 49 11
1896 157 9
1896 15 9
1919 752 10
1920 66 14
1924 500 19
1926 1927 9
1928 212 16
1935 1184 4
1939 535 11
1951 55 2
1951 56 12
1954 162 13
1955 77 3
1969 187 10
1984 51 1
1984 1987 14
1994 91 4
1998 212 1
2011 66 14
2017 157 9
2022 49 11
2033 408 10
2034 706 1
2053 2054 10
2053 235 19
2056 200 1
2056 827 20
2059 551 21
2069 66 14
2084 1053 3
2097 2099 13
2116 900 4
2137 2139 1
2140 536 21
2158 53 14
2158 27 4
2171 66 9
2171 2173 10
2192 168 4
2193 1 1
2195 1270 20
2195 90 20
2197 221 13
2205 208 9
2217 33 2
2219 297 1
2220 297 1
2221 11 14
2221 164 14
2229 50 16
2236 536 5
2243 44 9
2244 408 10
2248 235 19
2254 66 14
2262 545 9
2263 2267 20
2276 1112 10
2276 297 1
2298 68 10
2298 957 1
2298 77 11
2299 733 19
2306 66 9
2317 33 13
2317 795 1
2319 53 9
2321 168 4
2338 212 1
2347 470 9
2350 50 1
2367 1654 3
2374 232 16
2392 2395 8
2401 2395 8
2410 257 9
2413 53 9
2426 535 11
2429 228 1
2446 66 14
2450 500 19
2450 314 19
2466 726 1
2485 227 10
2487 228 21
2496 891 9
2505 161 4
2534 513 14
2560 525 19
2606 235 19
2610 66 9
2610 67 20
2612 2615 16
2618 27 4
2633 205 9
2636 26 5
2646 1409 10
2649 49 11
2655 297 16
2678 1198 19
2681 445 9
2681 515 9
2686 421 10
2689 219 10
2691 168 4
2691 49 11
2696 168 4
2713 66 14
2718 26 5
2727 157 14
2735 227 10
2738 1654 3
2739 187 10
2756 49 11
2760 1491 10
2773 439 19
2776 208 9
2777 2141 21
2782 257 9
2785 145 1
2785 227 10
2792 726 1
2799 1135 14
2801 1036 10
2806 421 10
2807 66 14
2807 408 10
2808 500 9
2820 193 5
2823 535 11
