831
42 35 0
42 41 0
76 60 0
92 93 0
92 62 0
103 80 0
124 125 0
124 69 0
124 128 0
140 141 0
144 146 0
159 160 0
163 123 0
190 192 0
195 196 0
203 204 0
207 77 0
211 74 15
211 78 15
234 98 0
241 78 0
248 218 0
258 123 0
258 214 0
262 164 0
266 73 0
266 164 0
267 214 0
269 166 0
284 285 0
295 54 0
298 104 0
298 299 0
298 86 0
298 300 0
303 68 15
306 308 0
318 1 0
320 5 0
326 60 0
326 164 0
333 334 0
336 341 0
336 250 0
336 308 0
349 351 0
354 118 0
354 204 0
354 60 0
356 118 0
356 358 0
363 12 0
364 213 0
372 115 0
373 374 0
377 38 0
379 382 0
379 61 0
383 15 0
384 1 0
384 69 0
384 293 0
385 387 0
394 305 0
401 54 0
402 179 0
413 8 0
415 416 0
426 427 0
435 414 0
435 437 0
441 443 0
450 452 0
471 164 0
480 371 0
491 205 0
497 498 0
499 9 0
499 77 0
499 502 0
512 314 0
514 183 0
518 520 0
522 280 0
523 90 0
523 125 0
523 191 0
540 41 0
544 549 0
544 162 0
550 183 0
555 12 0
555 556 0
558 69 0
558 128 0
566 13 0
570 77 0
572 573 7
582 293 0
586 591 0
592 593 0
598 330 0
602 38 0
609 204 0
609 492 0
611 536 0
615 90 0
618 62 0
621 327 0
621 69 0
625 626 0
633 54 0
634 62 0
636 10 0
637 638 0
637 338 0
637 639 0
644 93 0
644 293 0
656 68 15
660 1 0
665 173 0
666 668 0
666 669 0
670 672 0
681 15 0
683 291 0
689 690 0
689 692 0
697 126 0
697 73 0
697 125 0
699 703 0
710 332 0
711 60 0
715 71 0
717 700 0
717 702 0
720 651 0
720 270 0
721 722 0
732 731 0
740 90 0
745 440 0
746 747 0
749 751 0
761 314 0
762 314 0
767 93 0
768 327 0
774 77 0
778 73 0
781 783 0
798 98 0
802 96 0
806 194 0
819 8 6
819 321 6
819 314 6
826 327 0
828 536 0
832 90 0
844 98 0
855 856 0
859 166 0
859 73 0
862 276 0
882 312 0
892 893 0
895 278 0
905 731 0
912 238 0
916 247 0
916 917 0
918 96 0
926 97 0
926 928 0
926 202 0
930 371 0
931 169 0
933 935 0
937 314 0
938 54 0
944 941 0
947 194 0
958 47 7
960 230 0
961 270 0
963 565 0
963 686 0
966 162 0
967 969 0
971 973 0
981 982 0
995 997 0
999 678 0
999 1000 0
999 22 0
1002 205 0
1006 552 0
1008 287 0
1013 218 0
1017 1019 0
1020 98 0
1021 1022 0
1025 1026 0
1030 209 0
1030 205 0
1033 162 0
1034 1 0
1035 118 0
1042 71 0
1048 1049 0
1048 69 15
1050 62 0
1051 162 0
1057 1059 0
1060 847 0
1060 194 0
1063 162 0
1065 60 0
1069 443 0
1070 77 0
1071 77 0
1071 162 0
1077 1079 0
1091 360 0
1091 125 0
1094 98 0
1096 98 0
1109 783 0
1115 440 0
1117 114 0
1117 116 0
1125 98 0
1126 1 0
1129 47 7
1129 73 0
1130 1133 0
1143 548 0
1146 686 0
1157 1158 0
1157 139 0
1157 1159 0
1161 205 0
1162 270 0
1166 1167 0
1168 1169 0
1170 88 0
1170 610 0
1176 247 0
1179 90 0
1186 565 0
1190 127 0
1199 529 0
1200 1201 0
1202 118 15
1203 221 0
1212 1213 0
1220 780 0
1221 672 15
1222 847 0
1230 393 0
1230 191 0
1233 179 0
1235 371 0
1236 342 0
1247 285 0
1248 406 0
1249 77 0
1251 1252 0
1256 21 0
1258 565 0
1260 1261 0
1262 80 0
1263 1264 0
1265 205 0
1265 536 0
1265 1216 0
1266 287 0
1276 406 0
1279 77 0
1281 226 0
1285 38 0
1286 1289 0
1290 841 0
1290 1292 0
1293 162 0
1295 243 0
1295 729 0
1298 1299 0
1298 1302 0
1308 78 0
1311 231 0
1311 78 0
1318 1322 0
1326 406 0
1328 83 0
1335 1332 0
1338 1340 0
1341 68 15
1356 182 0
1362 488 0
1362 79 0
1370 62 0
1372 287 0
1372 1375 0
1376 513 0
1381 1216 0
1383 71 0
1392 305 0
1393 703 0
1393 1395 0
1397 88 0
1398 238 0
1401 68 15
1403 205 0
1404 461 0
1404 371 0
1405 77 0
1410 21 0
1413 506 0
1414 38 0
1415 1416 0
1421 371 0
1431 191 0
1434 86 0
1434 169 0
1437 71 0
1438 8 0
1440 136 0
1440 701 0
1441 1056 0
1443 729 0
1445 1446 0
1445 61 0
1447 382 0
1467 6 0
1471 641 0
1477 98 0
1477 1479 0
1483 327 0
1483 47 7
1483 62 0
1487 1478 0
1493 214 0
1495 559 0
1498 1 0
1501 330 0
1501 332 0
1504 1506 0
1511 652 0
1512 130 0
1516 1518 0
1516 94 0
1519 21 0
1520 1 0
1521 214 6
1525 164 0
1528 1 0
1529 291 0
1529 15 0
1536 79 0
1538 169 0
1539 47 7
1542 98 0
1544 371 0
1546 179 0
1549 8 0
1551 374 0
1555 71 0
1556 287 0
1558 285 0
1567 249 0
1575 1576 0
1581 1185 0
1581 1584 0
1588 360 0
1589 37 0
1589 1590 0
1598 492 0
1608 236 0
1616 626 0
1618 1497 0
1618 355 0
1621 1622 0
1624 1361 0
1629 68 15
1629 729 0
1629 162 0
1643 285 0
1649 231 0
1651 1652 0
1657 31 0
1662 1664 0
1662 893 0
1674 1675 0
1681 821 0
1688 1689 6
1693 397 0
1693 38 0
1694 658 0
1695 1696 0
1699 513 0
1700 314 0
1700 371 0
1700 73 0
1701 291 6
1701 214 6
1701 278 6
1702 1296 0
1703 77 0
1703 831 0
1704 287 0
1704 232 0
1704 1185 0
1704 341 0
1705 128 0
1710 236 0
1710 319 0
1711 312 0
1711 166 0
1711 73 0
1711 128 0
1714 61 0
1714 80 0
1715 360 0
1719 305 0
1719 177 0
1721 209 0
1721 210 0
1724 327 0
1732 1365 0
1734 82 0
1734 1736 0
1745 205 0
1745 142 0
1753 1754 0
1756 287 0
1758 847 0
1759 162 0
1760 205 0
1770 47 7
1772 214 6
1772 314 6
1772 698 6
1774 38 0
1781 1448 0
1783 635 0
1787 332 0
1790 561 0
1791 1792 0
1793 98 0
1793 192 0
1798 12 0
1798 13 0
1800 559 0
1802 651 0
1804 218 0
1803 1803 0
1809 360 0
1810 1121 0
1811 360 0
1813 285 0
1817 750 0
1822 750 0
1827 445 0
1830 332 0
1831 214 0
1832 750 0
1834 750 0
1834 751 0
1835 753 0
1840 780 0
1842 610 0
1843 753 0
1846 1821 0
1851 917 0
1852 332 0
1854 13 0
1856 80 0
1860 8 0
1860 563 0
1861 168 6
1861 125 6
1862 423 0
1863 423 0
1865 1448 0
1866 1475 0
1867 62 0
1869 698 0
1869 127 0
1869 125 0
1869 1871 0
1873 276 0
1873 397 0
1875 47 7
1876 71 0
1876 1090 0
1878 125 6
1878 312 6
1881 21 0
1884 182 0
1901 214 0
1901 1904 0
1901 231 0
1901 502 0
1907 606 0
1907 38 0
1909 764 0
1909 536 0
1912 118 0
1914 68 15
1919 753 0
1929 79 0
1930 172 0
1930 668 0
1930 79 0
1931 71 0
1931 321 0
1934 536 0
1938 164 0
1945 80 0
1946 1947 0
1949 77 0
1950 11 0
1950 60 0
1951 54 0
1953 1043 0
1958 783 0
1958 785 0
1972 90 0
1974 1068 0
1975 782 0
1975 786 0
1976 37 0
1977 1980 0
1982 78 0
1989 1991 0
1995 232 0
2003 287 0
2005 2006 0
2007 47 7
2008 86 0
2015 382 0
2024 90 0
2027 2028 0
2034 673 0
2035 548 0
2036 1590 0
2037 722 0
2042 2044 0
2051 831 0
2056 287 0
2056 764 0
2058 836 0
2062 61 0
2070 80 0
2070 164 0
2071 13 0
2076 529 0
2076 532 0
2079 21 0
2079 2081 0
2086 162 0
2088 2090 0
2100 2101 0
2104 47 7
2104 314 7
2105 221 0
2105 221 0
2107 68 15
2109 927 0
2109 929 0
2113 737 0
2117 360 0
2117 125 0
2118 274 0
2118 243 0
2120 2052 0
2121 232 0
2121 397 0
2122 371 0
2122 1 0
2124 1 0
2129 546 0
2135 98 0
2140 77 0
2142 77 0
2144 1899 0
2148 8 0
2149 314 0
2150 164 0
2156 125 0
2160 90 0
2163 716 0
2165 452 0
2177 393 0
2182 22 0
2201 934 0
2202 307 0
2196 77 0
2196 162 0
2207 276 0
2209 205 0
2209 69 0
2211 515 0
2213 395 0
2213 72 0
2218 226 0
2220 118 0
2222 1497 0
2223 1205 0
2224 194 0
2227 1044 0
2229 2230 0
2232 420 0
2233 69 6
2233 698 6
2233 128 6
2234 278 0
2242 230 0
2250 189 0
2250 72 0
2258 287 0
2259 9 0
2259 98 0
2262 841 0
2263 2264 0
2272 378 0
2275 191 0
2277 406 0
2278 205 0
2282 86 0
2290 2286 0
2304 232 0
2305 287 0
2308 86 0
2313 72 0
2315 1729 0
2321 54 0
2325 2327 0
2328 2329 0
2328 2330 0
2332 2335 0
2337 68 15
2337 814 0
2339 250 0
2339 287 0
2339 2342 0
2343 250 0
2343 287 0
2351 162 0
2352 78 0
2353 60 0
2353 287 0
2353 1990 0
2355 13 0
2356 1663 0
2358 287 0
2361 559 0
2362 1448 0
2363 1400 0
2364 160 0
2369 160 15
2369 191 0
2378 1552 0
2381 62 0
2381 232 0
2384 285 0
2385 639 0
2387 498 0
2389 314 0
2390 226 0
2392 2394 0
2392 2397 0
2400 291 0
2404 77 0
2407 1044 0
2408 757 0
2410 932 0
2410 169 0
2414 249 0
2418 276 0
2419 1 0
2422 125 0
2422 179 0
2423 38 0
2423 183 0
2424 924 0
2424 98 0
2425 619 0
2426 118 15
2426 90 0
2427 770 0
2429 2430 0
2429 88 0
2434 536 0
2435 1205 0
2436 2437 0
2446 164 0
2448 8 0
2452 98 0
2458 72 0
2458 355 0
2459 1590 0
2461 2101 0
2463 98 0
2465 231 0
2467 69 0
2471 406 0
2474 202 0
2474 179 0
2476 970 0
2476 153 0
2482 985 0
2483 327 0
2487 231 0
2488 287 0
2489 1043 0
2493 166 0
2493 305 0
2498 72 0
2502 2503 0
2507 312 0
2508 73 0
2509 98 0
2510 610 0
2515 2518 0
2528 60 0
2530 21 0
2532 1435 0
2532 436 0
2536 232 0
2538 88 0
2538 2540 0
2548 2516 0
2549 71 0
2549 341 0
2552 249 0
2552 125 0
2552 312 0
2552 314 0
2554 62 0
2559 2516 0
2562 668 0
2562 2561 0
2564 2565 0
2566 380 0
2568 72 0
2569 436 0
2572 72 0
2573 803 0
2575 127 0
2576 189 0
2576 72 0
2579 189 0
2583 60 0
2586 780 0
2588 285 0
2601 2602 0
2604 90 0
2607 218 0
2612 673 0
2621 2623 0
2627 305 0
2664 747 0
2664 847 0
2671 1185 0
2675 573 0
2679 123 0
2683 214 0
2683 98 0
2683 420 0
2686 98 0
2686 90 0
2691 397 0
2693 397 0
2704 1015 0
2705 73 0
2707 312 0
2707 126 0
2710 831 0
2711 651 0
2713 407 0
2717 210 0
2719 436 0
2720 751 0
2720 337 0
2720 2724 0
2727 21 0
2734 232 0
2735 1310 0
2742 123 0
2742 93 0
2743 60 0
2743 1 0
2744 62 0
2748 436 0
2748 563 0
2749 305 0
2750 673 0
2754 305 0
2754 2755 0
2758 382 0
2761 440 0
2765 440 0
2769 305 0
2772 382 0
2775 652 0
2776 839 0
2784 382 0
2786 72 0
2786 232 0
2793 74 0
2795 440 0
2800 98 0
2803 221 0
2805 90 0
2807 407 0
2808 130 0
2808 1458 0
2813 191 0
2814 1090 0
2816 2818 0
2816 2370 0
2820 194 0
2822 1419 0
2823 2064 7
2823 2065 0
2825 90 0
